time=17.1228482511944
airspeed=46.8837852478027
altitude=1656.32116699219
vario=-3.83166027069092
evario=-3.83527231216431
nettovario=-2.74794316291809
integrator=-3.52667546272278
compass=164.508316040039
yawstringangle=-0.0251032542437315
radiofrequency=123.5
yaw=2.87121176719666
pitch=-0.0557799711823463
bank=-0.991281807422638
quaternionx=0.268400102853775
quaterniony=-0.393103986978531
quaternionz=0.691584587097168
quaternionw=0.543224811553955
ax=13.9880838394165
ay=-3.57824087142944
az=0.0352260060608387
vx=-12.7399883270264
vy=-49.8929824829102
vz=-3.81553769111633
rollrate=0.0162177123129368
pitchrate=0.240530788898468
yawrate=-0.155479162931442
gforce=1.7788569132487
height=91.7073974609375
wheelheight=91.3454132080078
turbulencestrength=0.200640350580215
surfaceroughness=0
flaps=3
MC=0
water=0